=== Throat (4D, total) ===
Phi(R0)   = -1.9993922039433673e-06
dPhi_dr   = -0.004996817965819623
d2Phi_dr2 = 0.005293602995883377
B_BD(R0)  = 0.00029678503006375437
T_req(R0) = 0.0023971663319439064

4D metric g_{μν} at throat:
 [[-0.999996  0.        0.        0.      ]
 [ 0.        1.000004  0.        0.      ]
 [ 0.        0.        4.        0.      ]
 [ 0.        0.        0.        4.      ]]

Einstein tensor G_{μν} at throat:
 [[ 0.00499763  0.          0.          0.        ]
 [ 0.         -0.00499755  0.          0.        ]
 [ 0.          0.          0.00138554  0.        ]
 [ 0.          0.          0.          0.00138454]]

T_total_{μν} at throat:
 [[ 1.98849256e-04  0.00000000e+00  0.00000000e+00  0.00000000e+00]
 [ 0.00000000e+00 -1.98846167e-04  0.00000000e+00  0.00000000e+00]
 [ 0.00000000e+00  0.00000000e+00  5.51290634e-05  0.00000000e+00]
 [ 0.00000000e+00  0.00000000e+00  0.00000000e+00  5.50892747e-05]]

NEC[T_total] at throat = 4.679500429402399e-09

=== Throat: decomposition (BI + shell + scalar) ===

T_BI at throat:
 [[-0.01925824  0.          0.          0.        ]
 [ 0.         -0.01925824  0.          0.        ]
 [ 0.          0.          0.01925824  0.        ]
 [ 0.          0.          0.          0.01925824]]
NEC[T_BI]    = -0.038516480713758426

T_shell at throat:
 [[-0.00239717  0.          0.          0.        ]
 [ 0.          0.00159811  0.          0.        ]
 [ 0.          0.          0.00159811  0.        ]
 [ 0.          0.          0.          0.00159811]]
NEC[T_shell] = -0.0007990714202399428

T_scalar at throat:
 [[ 0.02185426  0.          0.          0.        ]
 [ 0.          0.01746128  0.          0.        ]
 [ 0.          0.         -0.02080122  0.        ]
 [ 0.          0.          0.         -0.02080126]]
NEC[T_scalar]= 0.0393155568134988

=== Radial scan around the throat ===
r       Phi             B_BD            T_req           NEC_tot         NEC_BI          NEC_sh          NEC_phi
1.000   1.443e-13       3.381e-10       2.731e-09       7.958e-08       -3.565e-02      -9.103e-10      3.565e-02
1.300   2.629e-08       2.818e-05       2.276e-04       2.786e-08       -3.709e-02      -7.588e-05      3.716e-02
1.600   4.618e-05       1.149e-02       9.282e-02       1.216e-08       -3.804e-02      -3.093e-02      6.897e-02
1.900   4.089e-04       -5.118e-02      -4.134e-01      6.288e-09       -3.849e-02      -4.131e-01      4.515e-01
2.200   -3.338e-04      1.656e-02       1.338e-01       3.352e-09       -3.840e-02      -4.474e-02      8.314e-02
2.500   -3.832e-06      -1.823e-03      -1.472e-02      2.039e-09       -3.778e-02      -1.472e-02      5.250e-02
2.800   -3.180e-10      -4.614e-07      -3.726e-06      1.296e-09       -3.666e-02      -3.726e-06      3.666e-02
3.100   -2.550e-16      -7.335e-13      -5.925e-12      8.624e-10       -3.508e-02      -5.925e-12      3.508e-02
3.400   -2.124e-24      -1.009e-20      -8.153e-20      5.945e-10       -3.310e-02      -8.153e-20      3.310e-02
3.700   -1.890e-34      -1.338e-30      -1.081e-29      4.251e-10       -3.079e-02      -1.081e-29      3.079e-02
4.000   -1.823e-46      -1.798e-42      -1.452e-41      3.057e-10       -2.825e-02      -1.452e-41      2.825e-02

=== 10D uplift at the throat ===

10D metric g10 at throat x internal:
 [[-0.999996  0.        0.        0.        0.        0.        0.
   0.        0.        0.      ]
 [ 0.        1.000004  0.        0.        0.        0.        0.
   0.        0.        0.      ]
 [ 0.        0.        4.        0.        0.        0.        0.
   0.        0.        0.      ]
 [ 0.        0.        0.        4.        0.        0.        0.
   0.        0.        0.      ]
 [ 0.        0.        0.        0.        1.        0.        0.
   0.        0.        0.      ]
 [ 0.        0.        0.        0.        0.        1.        0.
   0.        0.        0.      ]
 [ 0.        0.        0.        0.        0.        0.        1.
   0.        0.        0.      ]
 [ 0.        0.        0.        0.        0.        0.        0.
   1.        0.        0.      ]
 [ 0.        0.        0.        0.        0.        0.        0.
   0.        1.        0.      ]
 [ 0.        0.        0.        0.        0.        0.        0.
   0.        0.        1.      ]]

10D Einstein tensor G10 at throat x internal:
 [[ 0.00499763  0.          0.          0.          0.          0.
   0.          0.          0.          0.        ]
 [ 0.         -0.00499755  0.          0.          0.          0.
   0.          0.          0.          0.        ]
 [ 0.          0.          0.00138554  0.          0.          0.
   0.          0.          0.          0.        ]
 [ 0.          0.          0.          0.00138454  0.          0.
   0.          0.          0.          0.        ]
 [ 0.          0.          0.          0.         -0.00465133  0.
   0.          0.          0.          0.        ]
 [ 0.          0.          0.          0.          0.         -0.00465133
   0.          0.          0.          0.        ]
 [ 0.          0.          0.          0.          0.          0.
  -0.00465133  0.          0.          0.        ]
 [ 0.          0.          0.          0.          0.          0.
   0.         -0.00465133  0.          0.        ]
 [ 0.          0.          0.          0.          0.          0.
   0.          0.         -0.00465133  0.        ]
 [ 0.          0.          0.          0.          0.          0.
   0.          0.          0.         -0.00465133]]

--- Eigenvalues at the throat ---

Eigenvalues(T_total): [ 1.98849256e-04 -1.98846167e-04  5.51290634e-05  5.50892747e-05]

Eigenvalues(T_BI):    [-0.01925824 -0.01925824  0.01925824  0.01925824]

Eigenvalues(T_shell): [-0.00239717  0.00159811  0.00159811  0.00159811]

Eigenvalues(T_scalar): [ 0.02185426  0.01746128 -0.02080122 -0.02080126]

Eigenvalues(G_4D):     [ 0.00499763 -0.00499755  0.00138554  0.00138454]

=== Curvature invariants at throat ===
Kretschmann K =  1.2479179058460391e-05
Ricci norm    =  0.00019980701194787805
Scalar R      =  0.009302653901780231

=== 10D flux decomposition at this point ===

T10_total (from geometry) = G10/(8π):
[[ 1.98849256e-04  0.00000000e+00  0.00000000e+00  0.00000000e+00
   0.00000000e+00  0.00000000e+00  0.00000000e+00  0.00000000e+00
   0.00000000e+00  0.00000000e+00]
 [ 0.00000000e+00 -1.98846167e-04  0.00000000e+00  0.00000000e+00
   0.00000000e+00  0.00000000e+00  0.00000000e+00  0.00000000e+00
   0.00000000e+00  0.00000000e+00]
 [ 0.00000000e+00  0.00000000e+00  5.51290634e-05  0.00000000e+00
   0.00000000e+00  0.00000000e+00  0.00000000e+00  0.00000000e+00
   0.00000000e+00  0.00000000e+00]
 [ 0.00000000e+00  0.00000000e+00  0.00000000e+00  5.50892747e-05
   0.00000000e+00  0.00000000e+00  0.00000000e+00  0.00000000e+00
   0.00000000e+00  0.00000000e+00]
 [ 0.00000000e+00  0.00000000e+00  0.00000000e+00  0.00000000e+00
  -1.85070419e-04  0.00000000e+00  0.00000000e+00  0.00000000e+00
   0.00000000e+00  0.00000000e+00]
 [ 0.00000000e+00  0.00000000e+00  0.00000000e+00  0.00000000e+00
   0.00000000e+00 -1.85070419e-04  0.00000000e+00  0.00000000e+00
   0.00000000e+00  0.00000000e+00]
 [ 0.00000000e+00  0.00000000e+00  0.00000000e+00  0.00000000e+00
   0.00000000e+00  0.00000000e+00 -1.85070419e-04  0.00000000e+00
   0.00000000e+00  0.00000000e+00]
 [ 0.00000000e+00  0.00000000e+00  0.00000000e+00  0.00000000e+00
   0.00000000e+00  0.00000000e+00  0.00000000e+00 -1.85070419e-04
   0.00000000e+00  0.00000000e+00]
 [ 0.00000000e+00  0.00000000e+00  0.00000000e+00  0.00000000e+00
   0.00000000e+00  0.00000000e+00  0.00000000e+00  0.00000000e+00
  -1.85070419e-04  0.00000000e+00]
 [ 0.00000000e+00  0.00000000e+00  0.00000000e+00  0.00000000e+00
   0.00000000e+00  0.00000000e+00  0.00000000e+00  0.00000000e+00
   0.00000000e+00 -1.85070419e-04]]

T10_flux (toy RR/NS flux model):
[[ 0.     -0.     -0.     -0.      0.      0.      0.      0.      0.
   0.    ]
 [-0.     -0.     -0.     -0.      0.      0.      0.      0.      0.
   0.    ]
 [-0.     -0.     -0.     -0.      0.      0.      0.      0.      0.
   0.    ]
 [-0.     -0.     -0.     -0.      0.      0.      0.      0.      0.
   0.    ]
 [ 0.      0.      0.      0.      0.0001  0.      0.      0.      0.
   0.    ]
 [ 0.      0.      0.      0.      0.      0.0001  0.      0.      0.
   0.    ]
 [ 0.      0.      0.      0.      0.      0.      0.0001  0.      0.
   0.    ]
 [ 0.      0.      0.      0.      0.      0.      0.      0.0001  0.
   0.    ]
 [ 0.      0.      0.      0.      0.      0.      0.      0.      0.0001
   0.    ]
 [ 0.      0.      0.      0.      0.      0.      0.      0.      0.
   0.0001]]

T10_residual = T10_total - T10_flux:
[[ 1.98849256e-04  0.00000000e+00  0.00000000e+00  0.00000000e+00
   0.00000000e+00  0.00000000e+00  0.00000000e+00  0.00000000e+00
   0.00000000e+00  0.00000000e+00]
 [ 0.00000000e+00 -1.98846167e-04  0.00000000e+00  0.00000000e+00
   0.00000000e+00  0.00000000e+00  0.00000000e+00  0.00000000e+00
   0.00000000e+00  0.00000000e+00]
 [ 0.00000000e+00  0.00000000e+00  5.51290634e-05  0.00000000e+00
   0.00000000e+00  0.00000000e+00  0.00000000e+00  0.00000000e+00
   0.00000000e+00  0.00000000e+00]
 [ 0.00000000e+00  0.00000000e+00  0.00000000e+00  5.50892747e-05
   0.00000000e+00  0.00000000e+00  0.00000000e+00  0.00000000e+00
   0.00000000e+00  0.00000000e+00]
 [ 0.00000000e+00  0.00000000e+00  0.00000000e+00  0.00000000e+00
  -2.85070419e-04  0.00000000e+00  0.00000000e+00  0.00000000e+00
   0.00000000e+00  0.00000000e+00]
 [ 0.00000000e+00  0.00000000e+00  0.00000000e+00  0.00000000e+00
   0.00000000e+00 -2.85070419e-04  0.00000000e+00  0.00000000e+00
   0.00000000e+00  0.00000000e+00]
 [ 0.00000000e+00  0.00000000e+00  0.00000000e+00  0.00000000e+00
   0.00000000e+00  0.00000000e+00 -2.85070419e-04  0.00000000e+00
   0.00000000e+00  0.00000000e+00]
 [ 0.00000000e+00  0.00000000e+00  0.00000000e+00  0.00000000e+00
   0.00000000e+00  0.00000000e+00  0.00000000e+00 -2.85070419e-04
   0.00000000e+00  0.00000000e+00]
 [ 0.00000000e+00  0.00000000e+00  0.00000000e+00  0.00000000e+00
   0.00000000e+00  0.00000000e+00  0.00000000e+00  0.00000000e+00
  -2.85070419e-04  0.00000000e+00]
 [ 0.00000000e+00  0.00000000e+00  0.00000000e+00  0.00000000e+00
   0.00000000e+00  0.00000000e+00  0.00000000e+00  0.00000000e+00
   0.00000000e+00 -2.85070419e-04]]

Eigenvalues(T10_total):    [ 1.98849256e-04 -1.98846167e-04  5.51290634e-05  5.50892747e-05
 -1.85070419e-04 -1.85070419e-04 -1.85070419e-04 -1.85070419e-04
 -1.85070419e-04 -1.85070419e-04]
Eigenvalues(T10_flux):     [ 0.     -0.     -0.     -0.      0.0001  0.0001  0.0001  0.0001  0.0001
  0.0001]
Eigenvalues(T10_residual): [ 1.98849256e-04 -1.98846167e-04  5.51290634e-05  5.50892747e-05
 -2.85070419e-04 -2.85070419e-04 -2.85070419e-04 -2.85070419e-04
 -2.85070419e-04 -2.85070419e-04]

=== Swampland-style diagnostics at throat ===
Max |T_total|  = 0.00019884925589798934
Max |T_scalar| = 0.021854255944567136
Max |T_BI|     = 0.019258240356725242
Max |T_shell|  = 0.0023971663319439064
Scalar fraction (max)|T_scalar| / (max)|T_total| = 109.90363451889645

NEC_total = 4.679500429402399e-09
NEC_BI    = -0.038516480713758426
NEC_shell = -0.0007990714202399428
NEC_scalar= 0.0393155568134988

NEC_total ≈ 0 → wormhole sits on NEC boundary (good for traversability).
Scalar sector compensates NEC violation of BI+shell → consistent with moduli-driven NEC balancing.

=== FULL 10D SOURCE DECOMPOSITION AT THROAT ===

T10_total (from geometry):
[[ 1.98849256e-04  0.00000000e+00  0.00000000e+00  0.00000000e+00
   0.00000000e+00  0.00000000e+00  0.00000000e+00  0.00000000e+00
   0.00000000e+00  0.00000000e+00]
 [ 0.00000000e+00 -1.98846167e-04  0.00000000e+00  0.00000000e+00
   0.00000000e+00  0.00000000e+00  0.00000000e+00  0.00000000e+00
   0.00000000e+00  0.00000000e+00]
 [ 0.00000000e+00  0.00000000e+00  5.51290634e-05  0.00000000e+00
   0.00000000e+00  0.00000000e+00  0.00000000e+00  0.00000000e+00
   0.00000000e+00  0.00000000e+00]
 [ 0.00000000e+00  0.00000000e+00  0.00000000e+00  5.50892747e-05
   0.00000000e+00  0.00000000e+00  0.00000000e+00  0.00000000e+00
   0.00000000e+00  0.00000000e+00]
 [ 0.00000000e+00  0.00000000e+00  0.00000000e+00  0.00000000e+00
  -1.85070419e-04  0.00000000e+00  0.00000000e+00  0.00000000e+00
   0.00000000e+00  0.00000000e+00]
 [ 0.00000000e+00  0.00000000e+00  0.00000000e+00  0.00000000e+00
   0.00000000e+00 -1.85070419e-04  0.00000000e+00  0.00000000e+00
   0.00000000e+00  0.00000000e+00]
 [ 0.00000000e+00  0.00000000e+00  0.00000000e+00  0.00000000e+00
   0.00000000e+00  0.00000000e+00 -1.85070419e-04  0.00000000e+00
   0.00000000e+00  0.00000000e+00]
 [ 0.00000000e+00  0.00000000e+00  0.00000000e+00  0.00000000e+00
   0.00000000e+00  0.00000000e+00  0.00000000e+00 -1.85070419e-04
   0.00000000e+00  0.00000000e+00]
 [ 0.00000000e+00  0.00000000e+00  0.00000000e+00  0.00000000e+00
   0.00000000e+00  0.00000000e+00  0.00000000e+00  0.00000000e+00
  -1.85070419e-04  0.00000000e+00]
 [ 0.00000000e+00  0.00000000e+00  0.00000000e+00  0.00000000e+00
   0.00000000e+00  0.00000000e+00  0.00000000e+00  0.00000000e+00
   0.00000000e+00 -1.85070419e-04]]

T10_sources (flux + D3 + O3 + O7 + axion):
[[-1.49997400e-03  0.00000000e+00  0.00000000e+00  0.00000000e+00
   0.00000000e+00  0.00000000e+00  0.00000000e+00  0.00000000e+00
   0.00000000e+00  0.00000000e+00]
 [ 0.00000000e+00  1.50002600e-03  0.00000000e+00  0.00000000e+00
   0.00000000e+00  0.00000000e+00  0.00000000e+00  0.00000000e+00
   0.00000000e+00  0.00000000e+00]
 [ 0.00000000e+00  0.00000000e+00  5.99992000e-03  0.00000000e+00
   0.00000000e+00  0.00000000e+00  0.00000000e+00  0.00000000e+00
   0.00000000e+00  0.00000000e+00]
 [ 0.00000000e+00  0.00000000e+00  0.00000000e+00  5.99992000e-03
   0.00000000e+00  0.00000000e+00  0.00000000e+00  0.00000000e+00
   0.00000000e+00  0.00000000e+00]
 [ 0.00000000e+00  0.00000000e+00  0.00000000e+00  0.00000000e+00
   2.09998000e-03  0.00000000e+00  0.00000000e+00  0.00000000e+00
   0.00000000e+00  0.00000000e+00]
 [ 0.00000000e+00  0.00000000e+00  0.00000000e+00  0.00000000e+00
   0.00000000e+00  2.09998000e-03  0.00000000e+00  0.00000000e+00
   0.00000000e+00  0.00000000e+00]
 [ 0.00000000e+00  0.00000000e+00  0.00000000e+00  0.00000000e+00
   0.00000000e+00  0.00000000e+00  2.09998000e-03  0.00000000e+00
   0.00000000e+00  0.00000000e+00]
 [ 0.00000000e+00  0.00000000e+00  0.00000000e+00  0.00000000e+00
   0.00000000e+00  0.00000000e+00  0.00000000e+00  2.09998000e-03
   0.00000000e+00  0.00000000e+00]
 [ 0.00000000e+00  0.00000000e+00  0.00000000e+00  0.00000000e+00
   0.00000000e+00  0.00000000e+00  0.00000000e+00  0.00000000e+00
   9.99800001e-05  0.00000000e+00]
 [ 0.00000000e+00  0.00000000e+00  0.00000000e+00  0.00000000e+00
   0.00000000e+00  0.00000000e+00  0.00000000e+00  0.00000000e+00
   0.00000000e+00  9.99800001e-05]]

T10_leftover = T10_total - T10_sources:
[[ 0.00169882  0.          0.          0.          0.          0.
   0.          0.          0.          0.        ]
 [ 0.         -0.00169887  0.          0.          0.          0.
   0.          0.          0.          0.        ]
 [ 0.          0.         -0.00594479  0.          0.          0.
   0.          0.          0.          0.        ]
 [ 0.          0.          0.         -0.00594483  0.          0.
   0.          0.          0.          0.        ]
 [ 0.          0.          0.          0.         -0.00228505  0.
   0.          0.          0.          0.        ]
 [ 0.          0.          0.          0.          0.         -0.00228505
   0.          0.          0.          0.        ]
 [ 0.          0.          0.          0.          0.          0.
  -0.00228505  0.          0.          0.        ]
 [ 0.          0.          0.          0.          0.          0.
   0.         -0.00228505  0.          0.        ]
 [ 0.          0.          0.          0.          0.          0.
   0.          0.         -0.00028505  0.        ]
 [ 0.          0.          0.          0.          0.          0.
   0.          0.          0.         -0.00028505]]

Eigenvalues(T10_total):    [ 1.98849256e-04 -1.98846167e-04  5.51290634e-05  5.50892747e-05
 -1.85070419e-04 -1.85070419e-04 -1.85070419e-04 -1.85070419e-04
 -1.85070419e-04 -1.85070419e-04]
Eigenvalues(T10_sources):  [-1.49997400e-03  1.50002600e-03  5.99992000e-03  5.99992000e-03
  2.09998000e-03  2.09998000e-03  2.09998000e-03  2.09998000e-03
  9.99800001e-05  9.99800001e-05]
Eigenvalues(T10_leftover): [ 0.00169882 -0.00169887 -0.00594479 -0.00594483 -0.00228505 -0.00228505
 -0.00228505 -0.00228505 -0.00028505 -0.00028505]

10D scalar curvature R10 (product ansatz) = 0.009302653901780231
Effective D3-charge proxy Q_D3_eff ~ max(T_4D)/|tau_D3| = 0.19884925589798932
AdS-like effective length scale L_eff ~ 1/sqrt(max_T_4D) = 70.91498492528594
Press any key to continue . . .